#species_taxid	min_ungapped_length	max_ungapped_length	expected_ungapped_length	number_of_genomes
9	319000	958000	638168	64
24	2977000	6342000	4659418	14
34	7420000	11132000	9275893	10
56	5962000	17888000	11925078	12
69	4912000	7369000	6140343	6
106	1576000	4731000	3153397	9
122	6222000	9334000	7777997	5
124	5461000	9315000	7387897	6
139	826000	1765000	1295360	106
140	688000	2067000	1377933	7
158	2253000	3380000	2816290	18
159	2436000	3655000	3045648	40
160	911000	1367000	1139090	74
162	2365000	4258000	3311441	10
164	1779000	2669000	2224027	5
172	3103000	4655000	3879078	7
173	3701000	5552000	4626336	307
174	3109000	4665000	3887007	44
192	3550000	10651000	7100241	31
193	5968000	9403000	7685216	4
195	1410000	2116000	1763037	11932
196	1410000	2116000	1762598	149
197	1374000	2063000	1718573	29825
198	1426000	2140000	1782667	43
199	1328000	2539000	1933642	226
201	1192000	1877000	1534291	310
204	1575000	2800000	2187351	11
206	1402000	2105000	1753386	9
210	1304000	1958000	1630904	1608
212	1221000	1833000	1527018	8
213	1704000	2557000	2130337	38
214	1287000	1931000	1609110	23
215	1752000	2629000	2190812	4
216	1764000	2647000	2205704	5
235	2627000	3941000	3283799	249
236	2632000	3949000	3290674	17
238	3129000	4694000	3911419	25
247	2335000	4938000	3636346	5
250	2599000	7798000	5198625	5
253	3763000	6083000	4922946	23
254	3294000	5214000	4253895	5
256	3351000	5027000	4188881	5
258	4142000	6215000	5178391	4
263	1461000	2193000	1826738	243
266	2545000	7636000	5090332	9
274	1664000	2624000	2144289	13
277	2446000	3671000	3058615	4
285	3837000	7462000	5649348	17
287	5167000	8093000	6629798	5156
292	6299000	10670000	8484469	136
293	1674000	5024000	3349074	13
294	4129000	8654000	6391369	200
296	4057000	6087000	5072204	21
298	4952000	8233000	6592554	10
300	2607000	7824000	5215600	22
301	2436000	7311000	4873436	22
303	3374000	8780000	6077201	129
305	4245000	6798000	5521368	123
316	2161000	6484000	4322621	263
317	4458000	7743000	6100327	374
329	2627000	7884000	5255848	18
337	5152000	8333000	6742357	8
339	4004000	6007000	5005134	70
343	3543000	5546000	4544764	55
346	4185000	6278000	5231309	182
347	3272000	5655000	4463624	450
353	3915000	5874000	4894338	8
354	4292000	6439000	5365318	5
358	3700000	7543000	5621319	72
359	3803000	9993000	6897855	21
373	4708000	7199000	5953181	39
375	5687000	13356000	9521455	20
380	5485000	8229000	6857480	20
381	3881000	9283000	6581958	22
382	5542000	8314000	6927809	234
384	6128000	9194000	7661103	298
396	5383000	8076000	6729303	22
398	5003000	9280000	7141541	7
399	5147000	7721000	6434105	6
408	2861000	8586000	5723986	10
421	4041000	6063000	5051681	5
435	2915000	4374000	3644673	7
436	2812000	4219000	3515485	10
438	1827000	4593000	3209998	29
442	1528000	4317000	2922384	15
446	2755000	4134000	3444702	819
447	3297000	4947000	4121711	5
450	2146000	6152000	4149158	7
451	2623000	3935000	3279015	6
452	2666000	4000000	3333033	4
453	2841000	4263000	3552239	5
454	2460000	3691000	3075359	7
455	2699000	4050000	3374426	4
456	2469000	3705000	3087141	6
463	3084000	4628000	3856043	4
464	3030000	4600000	3815052	6
466	2890000	4337000	3613342	4
470	3176000	4765000	3970469	4515
471	3141000	4713000	3926967	21
477	2134000	3473000	2803373	6
480	1527000	2292000	1909668	198
483	1499000	2250000	1874499	6
484	1809000	2714000	2261439	10
485	1715000	2574000	2144769	648
486	1748000	2623000	2185479	39
487	1702000	2554000	2127622	1965
488	1643000	3391000	2516931	10
489	1672000	2510000	2090849	6
490	1685000	3357000	2521351	13
492	1768000	2653000	2210448	4
495	1918000	2878000	2397678	16
504	1521000	2283000	1901956	48
511	3260000	4891000	4075263	35
518	4159000	6240000	5199729	93
519	3819000	5729000	4773907	87
520	3284000	4927000	4105340	1039
521	2985000	4479000	3732255	23
529	3518000	6291000	4904693	39
536	3803000	5706000	4754524	19
539	1794000	2692000	2243138	20
542	1683000	2525000	2103871	29
545	3859000	5789000	4823945	36
546	3951000	6604000	5277501	194
548	4205000	6309000	5257045	227
549	2430000	7293000	4861351	48
550	3792000	6097000	4944595	554
552	3067000	4602000	3834314	36
553	3838000	5912000	4874949	59
554	3883000	5825000	4854084	33
556	3779000	5669000	4723912	5
562	3945000	6316000	5130379	21114
563	3322000	4985000	4153503	4
564	3765000	5648000	4706508	18
565	2465000	6325000	4394826	6
569	3757000	5636000	4696389	27
571	4823000	7463000	6142565	286
573	4471000	6708000	5589708	8999
575	4711000	7068000	5889790	31
577	4528000	6793000	5660164	11
580	3979000	6111000	5044663	5
582	2905000	4926000	3915682	65
584	3192000	4789000	3990122	169
585	3051000	4835000	3943379	14
587	3799000	5700000	4749568	25
588	3507000	5315000	4411042	29
614	4244000	6368000	5306050	16
615	4154000	6232000	5193027	520
618	4178000	6268000	5222818	4
621	3218000	5832000	4525323	123
622	3314000	5928000	4621087	60
623	3638000	5459000	4548381	827
624	3711000	5568000	4639236	1814
628	2293000	6880000	4586662	7
630	2789000	6262000	4525312	383
631	3934000	5903000	4918458	29
632	3674000	5512000	4592682	481
633	3768000	5654000	4711201	309
634	3443000	5165000	4304004	14
636	2781000	4659000	3720168	23
644	3949000	5925000	4937118	83
645	3844000	5767000	4805179	66
646	3745000	5618000	4681508	10
648	3623000	5436000	4529677	42
650	3741000	5613000	4676941	7
651	3650000	5476000	4562665	9
652	3396000	5095000	4245323	4
654	3693000	5540000	4616572	96
656	3668000	5503000	4585624	8
659	3653000	5480000	4566487	24
661	3886000	5830000	4857788	26
663	4046000	6465000	5255839	49
666	3211000	4818000	4014995	1359
668	3393000	5091000	4242117	65
669	4698000	7048000	5873013	46
670	4077000	6117000	5097276	1399
672	3976000	5965000	4970391	182
673	3277000	4916000	4096279	9
674	3456000	5185000	4320286	25
675	3040000	4561000	3800176	6
676	3800000	5701000	4750671	25
680	2768000	8305000	5536223	38
685	2324000	6974000	4649007	10
687	2353000	7062000	4707829	4
689	4508000	6863000	5685218	10
691	4132000	6199000	5165066	8
703	2516000	5006000	3760880	22
714	1689000	2552000	2120456	81
715	1137000	3412000	2274482	29
716	1987000	2982000	2484636	7
726	1532000	2299000	1915087	59
727	1477000	2217000	1847368	750
728	1824000	3174000	2499017	17
729	1259000	2899000	2079145	43
730	1333000	2001000	1667484	17
731	1503000	2864000	2183418	49
732	1866000	2800000	2332869	23
733	1915000	2873000	2393977	4
735	1675000	2513000	2094031	8
738	1601000	2843000	2221986	97
739	1572000	2359000	1965468	9
747	1756000	2861000	2308413	200
750	1998000	2998000	2498025	27
758	1863000	2796000	2329729	16
770	856000	1486000	1170883	24
774	1129000	1695000	1412164	17
777	1605000	2408000	2006375	68
779	1166000	1750000	1457798	13
781	1005000	1508000	1256573	4
782	889000	1334000	1111520	13
783	1014000	1522000	1268231	12
784	1004000	3014000	2008987	17
785	889000	1335000	1112155	4
803	1265000	1898000	1581384	15
807	1565000	2349000	1957417	5
813	522000	1569000	1045969	163
817	4198000	6298000	5248186	283
818	4333000	8576000	6454620	238
820	3435000	6402000	4918178	167
821	4192000	6318000	5255326	238
823	3651000	6668000	5159573	103
827	1332000	1999000	1665702	8
831	2679000	6701000	4690056	10
833	2941000	4413000	3676859	4
837	1862000	2795000	2328547	66
839	2804000	4375000	3589472	8
847	1972000	2959000	2465377	7
849	1417000	2127000	1772479	4
850	2129000	3195000	2662384	6
851	1588000	3178000	2382847	69
853	1466000	4401000	2933344	100
856	2178000	4440000	3308930	7
859	1147000	3187000	2166823	43
860	1978000	2968000	2472857	8
861	2831000	4247000	3539037	7
863	1429000	4289000	2858897	7
870	1093000	1640000	1366555	4
876	1648000	4947000	3297608	8
881	2987000	4482000	3734357	5
894	915000	2747000	1830802	10
897	3543000	5316000	4429203	4
901	1295000	3886000	2590431	8
905	1600000	2848000	2223956	8
907	1214000	3644000	2429033	14
915	2188000	3284000	2736036	5
916	1990000	3075000	2532595	7
920	1491000	4474000	2982397	9
930	2783000	4842000	3812971	13
945	939000	1410000	1174357	9
948	1108000	1896000	1502024	29
955	619000	1860000	1239682	16
959	2639000	4914000	3776243	8
964	4407000	6612000	5509723	5
971	1555000	4668000	3111387	15
979	3036000	4555000	3795066	4
986	2780000	8342000	5560987	10
989	3981000	5973000	4977085	4
996	2627000	3942000	3284579	21
1015	1910000	2866000	2387805	4
1018	2076000	3213000	2644537	6
1019	2398000	3598000	2997845	7
1035	3357000	5036000	4196438	4
1061	3011000	4517000	3764041	13
1063	3693000	5541000	4617388	24
1074	3774000	5662000	4717544	4
1076	3393000	7416000	5404117	19
1079	1862000	5587000	3724033	4
1085	1925000	5778000	3851869	4
1094	1494000	2540000	2017051	5
1097	1723000	2585000	2154946	1
1108	4206000	6310000	5258541	3
1126	2941000	6656000	4798108	66
1160	4351000	6527000	5439164	6
1176	2578000	7737000	5157544	6
1184	5614000	8423000	7018568	4
1219	851000	2554000	1702056	50
1229	2817000	4227000	3522111	5
1231	2587000	3882000	3234309	13
1238	2638000	4312000	3475061	80
1244	1623000	2436000	2029495	10
1245	1149000	2644000	1896413	81
1246	985000	2456000	1720683	25
1247	1494000	2286000	1890057	239
1249	1592000	2389000	1990597	23
1252	1416000	2126000	1771221	16
1254	1082000	2888000	1984877	42
1255	1409000	2252000	1830507	24
1260	1519000	2279000	1898976	22
1261	1675000	2514000	2094597	8
1264	1921000	5764000	3842428	13
1265	1696000	5091000	3393520	27
1267	1979000	2970000	2474230	5
1270	1437000	3561000	2499059	70
1273	1794000	3534000	2664372	5
1274	2475000	3721000	3098047	9
1275	3153000	4731000	3941791	12
1276	1842000	3394000	2618000	4
1280	2269000	3405000	2837143	11725
1281	2097000	3147000	2621846	9
1282	2018000	3029000	2523728	741
1283	2005000	3009000	2506715	256
1284	1690000	3254000	2472120	7
1285	2151000	3227000	2689141	8
1286	2127000	3191000	2658862	64
1288	2268000	3404000	2835922	57
1290	1797000	2697000	2247372	114
1292	2039000	3060000	2549441	63
1293	2348000	3523000	2935750	24
1295	1264000	3793000	2528396	11
1296	2147000	3388000	2767666	55
1299	1906000	4619000	3262497	6
1302	1752000	2630000	2190985	53
1303	1565000	2348000	1956519	114
1304	1749000	2625000	2186991	100
1305	1888000	2833000	2360223	61
1307	1430000	2762000	2095859	1302
1308	1279000	2385000	1831756	61
1309	1522000	2407000	1964328	200
1310	1686000	2530000	2108084	55
1311	1659000	2508000	2083315	1238
1313	1676000	2515000	2095407	21400
1314	1436000	2155000	1795393	2601
1318	1063000	3190000	2126190	61
1326	1885000	2828000	2356622	4
1328	1475000	2439000	1956946	69
1329	1694000	2617000	2155666	9
1334	1082000	3247000	2164534	81
1335	1408000	2342000	1875197	44
1336	1703000	2556000	2129800	257
1338	1553000	2331000	1942413	45
1340	1623000	2436000	2029463	8
1343	1455000	2340000	1897564	9
1346	1596000	2395000	1995177	91
1348	1655000	2513000	2084320	24
1349	1540000	2311000	1925503	39
1351	1938000	3986000	2961815	1461
1352	1963000	3882000	2922503	1842
1353	2228000	4578000	3403247	38
1354	2056000	3794000	2924806	63
1355	2017000	3027000	2522431	4
1358	1820000	3190000	2505069	223
1363	1634000	2453000	2043653	29
1364	1812000	2719000	2265163	5
1366	1824000	2737000	2280761	5
1376	1159000	2901000	2030159	38
1377	1002000	3008000	2004806	8
1379	1532000	2300000	1916192	5
1390	3168000	4753000	3960792	80
1392	4355000	6533000	5444014	203
1393	5172000	7759000	6465091	12
1396	4158000	7344000	5750949	1077
1397	2548000	7646000	5097246	11
1398	1978000	4869000	3423284	32
1399	2894000	6714000	4803910	5
1401	5649000	8475000	7062432	5
1402	3408000	5113000	4260287	175
1404	3911000	7326000	5618359	123
1405	4412000	6888000	5650193	72
1406	4609000	6915000	5761932	45
1408	2955000	4713000	3834262	80
1421	3294000	5971000	4632838	30
1422	1769000	3991000	2879681	15
1423	3305000	4959000	4131711	310
1426	3125000	4689000	3907140	11
1428	4461000	7651000	6056098	576
1451	5602000	8404000	7003096	9
1452	3303000	4956000	4129415	32
1455	3183000	4776000	3979584	8
1462	2853000	4281000	3567073	6
1464	3387000	5317000	4352378	13
1465	4163000	6304000	5233406	23
1471	2793000	4191000	3492228	6
1472	5681000	8523000	7102047	4
1478	4516000	6775000	5645783	19
1479	2587000	3882000	3234473	4
1482	3113000	4722000	3917759	5
1488	3272000	4910000	4091215	11
1490	2853000	4281000	3566801	9
1491	2184000	5634000	3909258	237
1492	3677000	5517000	4597006	32
1494	2020000	3032000	2525868	5
1496	3295000	4944000	4119930	2400
1501	3401000	5303000	4352101	9
1502	2070000	4882000	3475916	153
1504	2681000	4023000	3351844	4
1505	2803000	4206000	3504247	52
1509	3044000	5160000	4102016	34
1510	2404000	3607000	3005000	4
1512	3965000	5948000	4956289	12
1513	2269000	3404000	2836343	43
1515	2846000	4270000	3558236	12
1517	2195000	3294000	2744286	6
1519	2423000	3694000	3058465	12
1520	4230000	7736000	5982920	25
1522	3630000	5447000	4538365	12
1525	2096000	3145000	2620223	18
1529	2684000	4236000	3460249	5
1531	3801000	7372000	5586179	21
1542	2007000	3012000	2509966	10
1547	2841000	4633000	3736723	12
1559	3118000	4678000	3897924	5
1561	2470000	3706000	3087740	11
1571	2689000	4035000	3362333	5
1575	1343000	4030000	2686418	7
1579	1372000	2568000	1969954	42
1580	1898000	3210000	2554125	67
1581	2035000	3054000	2544838	23
1582	2360000	3642000	3001027	26
1583	1595000	2922000	2258481	29
1584	1190000	2556000	1872918	73
1587	1579000	2539000	2059242	59
1588	1948000	3360000	2654177	5
1589	2994000	4492000	3743063	24
1590	2589000	3884000	3236468	467
1596	1324000	2510000	1916716	44
1597	2339000	3635000	2987352	179
1598	1454000	2782000	2117927	182
1599	1594000	2392000	1992535	51
1600	635000	1906000	1270060	24
1601	1750000	2626000	2187893	14
1604	1164000	2936000	2049624	15
1605	1341000	2391000	1865693	9
1606	1302000	1954000	1627651	18
1610	2263000	3396000	2829178	9
1612	1984000	2978000	2480845	5
1613	1463000	2517000	1989908	68
1614	1101000	1653000	1376905	7
1618	1851000	3336000	2593336	5
1622	1250000	3246000	2248077	18
1623	1663000	2608000	2135397	48
1624	1407000	2643000	2024852	90
1625	1045000	1568000	1306559	22
1629	770000	2312000	1541323	6
1630	802000	2409000	1605683	18
1633	1474000	2212000	1843060	4
1638	2310000	3466000	2887899	28
1639	2420000	3632000	3026138	27097
1640	2307000	3462000	2884667	6
1641	2082000	3124000	2602779	5
1642	2328000	3494000	2911135	67
1648	1422000	2134000	1778058	11
1650	2302000	3454000	2878279	5
1655	2517000	3776000	3146420	22
1657	1820000	2731000	2275281	4
1660	1915000	2873000	2393758	7
1661	1868000	2804000	2336146	18
1680	1697000	2708000	2202982	299
1681	1762000	2644000	2202787	103
1683	1611000	2418000	2014541	6
1684	1722000	2585000	2153743	14
1685	1728000	2929000	2328739	108
1686	1636000	2661000	2148612	16
1689	1438000	3832000	2634722	18
1694	1613000	2421000	2016784	75
1697	2232000	3349000	2790185	4
1703	3136000	4705000	3920172	7
1705	2280000	3421000	2850414	6
1710	3172000	5355000	4263630	12
1717	1955000	2934000	2444560	223
1718	2620000	3931000	3275235	53
1719	1870000	2806000	2337911	120
1724	1870000	2806000	2338129	5
1725	2199000	3300000	2749912	5
1727	1594000	4784000	3189129	6
1735	1878000	3116000	2497184	8
1736	3441000	5163000	4302254	6
1741	721000	2166000	1443381	9
1744	1309000	3929000	2618941	50
1747	2001000	3003000	2501898	275
1748	2910000	4367000	3638672	8
1749	2425000	3639000	3032477	5
1750	1702000	5108000	3405117	9
1764	3930000	6454000	5192099	209
1766	5086000	7631000	6358417	23
1767	4425000	6639000	5531745	22
1768	5130000	7696000	6412855	34
1769	2613000	3921000	3267128	6
1771	4251000	6377000	5313907	9
1772	5468000	8203000	6835212	23
1773	3503000	5255000	4379158	6603
1774	3545000	6686000	5115523	47
1778	5937000	8907000	7422490	6
1780	4532000	6799000	5665471	7
1781	5059000	7589000	6323868	25
1790	4751000	7128000	5939987	10
1795	4337000	6506000	5421383	7
1800	4787000	7181000	5983816	4
1809	4436000	6655000	5545026	8
1823	6089000	9135000	7611812	4
1824	5563000	8346000	6954811	4
1828	4719000	7080000	5899978	29
1829	3661000	8546000	6103396	14
1830	4458000	6689000	5573528	12
1833	5445000	8168000	6806506	25
1836	6516000	9776000	8145944	4
1874	4120000	8705000	6412650	4
1886	5640000	8461000	7050034	44
1888	3869000	11610000	7739621	16
1894	5789000	12595000	9192027	5
1901	6454000	10603000	8528397	5
1902	6372000	10796000	8583997	12
1905	6248000	10245000	8246577	4
1906	4406000	9953000	7179255	6
1908	5861000	9472000	7666521	5
1911	5387000	10671000	8029206	21
1912	7539000	12728000	10133809	10
1914	6054000	10879000	8466185	7
1927	7524000	11447000	9485098	37
1930	7999000	12000000	9999314	17
1938	5372000	14003000	9687428	7
1969	6612000	11354000	8983317	6
2014	5251000	7878000	6564376	4
2021	2899000	4349000	3623858	6
2026	1308000	3926000	2616768	4
2033	2698000	4620000	3658842	13
2035	3044000	4567000	3805791	6
2039	706000	1061000	883379	19
2045	4507000	6761000	5633954	4
2047	1994000	2992000	2492765	12
2051	1651000	2642000	2146480	5
2052	1989000	2985000	2487452	8
2055	4539000	6810000	5674554	8
2074	4537000	10534000	7535285	5
2094	444000	855000	649573	4
2095	813000	1221000	1017179	14
2096	770000	1156000	963058	27
2097	463000	696000	579677	6
2098	472000	904000	688435	27
2099	727000	1092000	909287	12
2100	669000	1005000	837377	7
2102	811000	1358000	1084063	43
2104	653000	981000	817180	90
2109	653000	981000	817087	7
2110	722000	1112000	916706	5
2113	641000	963000	802237	8
2115	494000	1485000	989769	6
2130	551000	1151000	850655	20
2134	828000	1727000	1277393	4
2138	1239000	2831000	2034901	4
2148	1191000	1788000	1489849	11
2151	640000	961000	800236	12
2173	1480000	2292000	1886020	29
2198	1154000	3463000	2308032	6
2208	3654000	5482000	4567676	6
2209	3262000	4894000	4078311	68
2234	1577000	2498000	2037571	5
2242	2000000	3001000	2500345	4
2252	3120000	4681000	3900353	4
2285	1776000	2666000	2221110	55
2287	2112000	3226000	2668974	10
2336	1495000	2244000	1869610	6
2371	2030000	3047000	2538474	87
2421	1000000	2950000	1975046	4
2426	4126000	6191000	5158569	10
2702	1142000	2068000	1605154	106
2718	2057000	3086000	2571547	6
2743	1994000	5985000	3989480	15
2748	2184000	3278000	2730877	41
2751	2792000	4248000	3519809	30
2754	2109000	3164000	2636275	6
2756	2036000	3055000	2545569	26
3076	46411000	69618000	58014393	6
3077	18865000	56598000	37731351	4
3483	332880000	998642000	665761022	8
3634	868904000	2606714000	1737808872	4
3656	269303000	431974000	350638871	5
3702	68656000	170350000	119502799	21
3711	153323000	459971000	306647165	4
3726	167712000	503138000	335424965	4
3760	168504000	252758000	210630859	4
3827	233265000	699796000	466530150	5
3847	771378000	1157068000	964223139	4
3880	319626000	479440000	399532933	6
3914	212224000	636674000	424449269	4
3981	690277000	1852765000	1271521020	4
3983	247734000	743203000	495468045	5
4072	2159466000	3645476000	2902471175	4
4081	390432000	1066257000	728344369	4
4097	2884839000	4327260000	3606049978	4
4182	128174000	384523000	256348445	4
4236	999651000	2998956000	1999303479	4
4432	592030000	888046000	740038125	4
4513	893967000	2681904000	1787935627	15
4530	225849000	519940000	372894514	32
4565	6329466000	18988400000	12658932691	7
4577	1073493000	3220482000	2146987947	12
4615	221256000	663770000	442512839	4
4639	352710000	529067000	440888556	4
4781	35727000	107184000	71455917	5
4784	32950000	79119000	56034254	7
4785	34027000	82706000	58366336	4
4792	40217000	67526000	53871265	9
4896	10251000	15378000	12814701	19
4909	5691000	15934000	10812555	11
4911	7972000	13723000	10847678	12
4922	7486000	11230000	9358152	33
4929	8501000	12752000	10626339	7
4932	8592000	14668000	11630239	796
4950	7597000	11396000	9496517	4
4952	16155000	24234000	20194619	21
4956	9620000	28862000	19241081	4
4959	9646000	14470000	12057801	10
5007	6433000	19300000	12866147	6
5011	10630000	15946000	13287634	4
5025	22093000	66282000	44187553	89
5037	18446000	55341000	36893449	6
5039	52220000	82134000	67176644	4
5059	29450000	44176000	36812870	61
5061	28449000	42674000	35561663	15
5062	30202000	45305000	37753705	94
5067	22863000	54987000	38925155	4
5076	25762000	38645000	32203368	5
5082	21976000	32965000	27470222	4
5127	35095000	52643000	43869019	18
5207	14772000	22160000	18466126	53
5270	16050000	24077000	20063391	7
5272	14453000	43361000	28906851	15
5286	10183000	30551000	20366904	16
5334	18909000	56729000	37819276	7
5341	24627000	36941000	30784025	5
5353	26541000	51342000	38941431	7
5476	11408000	17113000	14260076	51
5477	15234000	22853000	19043405	12
5478	9949000	14925000	12437482	16
5480	10398000	15599000	12998393	7
5482	11784000	17678000	14730965	4
5501	21460000	33443000	27451393	5
5507	38412000	64312000	51362141	222
5518	29326000	43990000	36658316	11
5530	30632000	45949000	38290275	4
5537	15935000	23903000	19919078	5
5544	32539000	48810000	40674614	5
5551	18470000	27706000	23087565	12
5580	21016000	35006000	28011387	54
5599	26799000	40200000	33499641	7
5660	16150000	48453000	32301632	5
5661	18572000	43885000	31228431	10
5664	15578000	46736000	31157250	5
5671	16051000	48154000	32102100	5
5691	13265000	39796000	26530440	4
5693	24000000	90000000	57000000	27
5741	8963000	13781000	11372106	15
5759	7197000	21592000	14394107	6
5807	6930000	11175000	9052537	18
5811	50205000	75309000	62757050	18
5821	14713000	22070000	18391509	5
5833	11539000	34619000	23078788	54
5850	19330000	28996000	24162957	5
5855	17205000	39689000	28447006	12
5860	15052000	22579000	18815353	6
5861	17927000	26891000	22408887	11
5868	5150000	7726000	6438007	7
6035	1830000	2746000	2288106	5
6192	938366000	1407551000	1172958462	4
6239	50776000	152329000	101552232	6
6293	63766000	104760000	84263234	4
6334	22430000	67292000	44861163	6
6337	24114000	72344000	48229247	6
7108	203596000	610790000	407192671	4
7159	639301000	1917904000	1278602094	5
7160	1005876000	3017631000	2011753607	4
7165	120119000	360360000	240239474	4
7227	103406000	171920000	137663075	22
7237	80547000	241642000	161094618	4
7240	52455000	157366000	104910032	11
7460	182447000	273672000	228059313	4
7937	808715000	1213073000	1010893997	4
7950	574999000	862499000	718748815	4
7955	1004929000	1732602000	1368765506	5
7962	921066000	1861547000	1391306936	5
8049	370362000	821787000	596074470	4
8090	475939000	1001707000	738822885	8
8187	486953000	786509000	636730919	4
8839	898594000	1347893000	1123243663	5
8962	587849000	1763550000	1175699628	4
9244	820386000	1230580000	1025482734	4
9258	1244762000	2440848000	1842804786	4
9305	1465769000	4397310000	2931539806	5
9483	1376252000	4128759000	2752505800	5
9544	1694147000	4048216000	2871181313	7
9606	1665540000	4057807000	2861673324	102
9612	1196349000	3589048000	2392698509	9
9668	1935990000	3379910000	2657950034	11
9704	1558281000	3200603000	2379442121	4
9739	1886043000	2829066000	2357554224	4
9823	1944717000	2917077000	2430896979	17
9940	1254461000	3763385000	2508923217	4
10029	1854492000	2781740000	2318115958	5
10090	1653942000	2984288000	2319115079	22
10243	178000	268000	222732	40
10244	157000	237000	197382	60
10245	132000	249000	190551	18
10255	148000	223000	185578	5
10266	119000	180000	149956	13
10273	129000	195000	162455	54
10279	152000	230000	191237	8
10298	118000	179000	148670	18
10310	56000	169000	112559	21
10376	97000	175000	136187	109
10407	2431	3999	3215	61
10454	108000	163000	135583	8
10493	83000	126000	104968	37
10497	151000	228000	189354	47
10537	24000	37000	30536	6
10561	5823	8734	7279	8
10570	6391	9586	7989	12
10665	135000	203000	168903	7
10678	49000	148000	98230	4
10754	33000	51000	41724	8
10821	2150	3225	2688	12
10826	2171	3256	2714	9
10827	1960	5881	3921	4
10832	2216	3324	2770	6
10834	2198	3297	2748	6
10840	2344	3517	2931	9
10847	4308	6463	5386	134
10879	10000	17000	13388	4
11002	4690	7035	5863	6
11034	9362	15000	11703	5
11036	9146	14000	11433	6
11072	8780	13000	10976	1
11079	8811	13000	11014	1
11082	8769	13000	10962	3
11103	7548	12000	9435	177
11234	12000	19000	15894	1
11250	12000	19000	15194	71
11269	15000	22000	19111	2
11292	9540	15000	11926	49
11320	10000	16000	13133	130
11552	10000	15000	12906	1
11676	7164	11000	8955	495
11709	8176	13000	10221	39
11723	7408	12000	9261	107
11983	6037	9056	7547	22
12110	6548	9823	8186	8
12211	7828	12000	9786	11
12216	7760	12000	9700	6
12287	3598	5397	4498	4
12305	4261	13000	8522	249
12475	1344	2016	1680	9
12558	3318	4977	4148	1
12585	5118	7677	6398	125
12637	8560	13000	10701	6
12639	2419	3628	3024	5
13373	4524000	6787000	5655539	83
13563	21598000	33694000	27645932	4
13684	28243000	46596000	37419743	24
13686	285214000	465046000	375129840	4
13689	3202000	5452000	4327402	5
13690	3089000	7626000	5357836	17
15368	125307000	311384000	218345867	4
22663	206754000	360474000	283613915	4
27291	9532000	14300000	11916116	12
27292	11152000	33457000	22304189	14
27293	9800000	14701000	12250173	4
27334	25652000	38479000	32065046	9
27337	27604000	41407000	34505775	15
27350	36523000	109572000	73047457	15
28025	1546000	2320000	1932687	79
28026	1702000	2807000	2254339	79
28028	2136000	3205000	2670053	4
28031	3731000	5597000	4664088	22
28034	2283000	4694000	3488572	8
28035	2057000	3087000	2571731	32
28037	1601000	2403000	2002353	136
28038	1552000	2329000	1940170	25
28051	1301000	3904000	2602283	5
28077	5549000	8571000	7060322	8
28080	1340000	2011000	1675142	333
28082	3514000	5272000	4393004	5
28084	2972000	4459000	3715643	4
28087	3286000	4931000	4108369	6
28090	2514000	4189000	3351302	22
28091	1732000	2599000	2165490	8
28094	5249000	7875000	6562118	4
28095	6768000	10153000	8460426	25
28101	4339000	6509000	5423909	5
28108	2294000	6884000	4588704	44
28110	1635000	2454000	2044934	9
28111	3442000	5164000	4303245	17
28112	2640000	3961000	3300179	13
28113	2900000	4352000	3626105	4
28115	1859000	2790000	2324569	7
28116	4682000	8757000	6719481	235
28117	1185000	3556000	2370432	5
28118	2729000	6274000	4501537	27
28125	1990000	2987000	2488416	8
28126	2538000	3808000	3172595	4
28127	2313000	3676000	2994087	4
28129	2445000	3669000	3056796	7
28130	2241000	3363000	2802052	7
28131	2220000	3331000	2775833	33
28132	2534000	3802000	3168230	5
28133	2223000	3441000	2831829	5
28134	2279000	3419000	2849142	5
28135	2534000	3802000	3168212	5
28141	3596000	5395000	4495674	454
28151	4295000	6443000	5368891	9
28152	3624000	5438000	4530867	35
28172	2261000	5243000	3752080	7
28173	5075000	7614000	6344256	17
28182	3755000	5634000	4694952	17
28183	3211000	4818000	4014447	40
28184	3426000	5141000	4283634	20
28188	1960000	2941000	2450113	12
28189	2134000	3202000	2667569	5
28197	1804000	2707000	2255642	44
28198	1624000	2563000	2093732	24
28200	1416000	2430000	1923327	16
28229	3157000	7589000	5373180	5
28251	1918000	2878000	2397867	7
28262	1603000	2404000	2003803	1
28264	1434000	2538000	1986154	5
28295	22000	34000	28029	44
28350	2207	3310	2759	5
28447	2640000	3961000	3300327	74
28448	2905000	4359000	3632022	9
28449	1809000	2715000	2262420	15
28450	5698000	8548000	7122634	1575
28452	3549000	5324000	4436408	5
28873	161000	243000	202247	4
28875	9017	28000	18034	2514
28876	14000	22000	17934	7
28898	1477000	2217000	1846966	14
28901	3800000	5701000	4750509	186472
28903	725000	1089000	907489	74
29311	3493000	5240000	4366495	5
29320	3746000	5620000	4683270	5
29347	2405000	4835000	3619905	7
29348	2099000	3150000	2624272	6
29361	2512000	3769000	3140523	4
29363	2887000	4332000	3609608	11
29378	2088000	3133000	2610210	25
29379	1800000	2701000	2250127	6
29380	2099000	3149000	2623776	10
29382	2104000	3215000	2659377	65
29384	2109000	3164000	2636278	6
29385	2093000	3140000	2616409	107
29388	1988000	2983000	2485086	84
29394	1498000	2303000	1900454	14
29419	1389000	2466000	1927523	4
29423	1386000	4160000	2773209	5
29430	2814000	4222000	3517917	23
29433	1847000	2772000	2309632	4
29438	4738000	7108000	5922822	117
29442	5417000	8127000	6772475	6
29447	2943000	4416000	3679928	16
29448	6837000	11683000	9260234	13
29449	3287000	9862000	6574015	10
29459	2631000	3948000	3289607	352
29460	2635000	3954000	3294370	6
29461	2652000	3979000	3315231	63
29466	1071000	3216000	2143991	15
29471	3972000	5959000	4965575	11
29483	3479000	5220000	4349939	11
29484	3897000	5847000	4872438	51
29485	3505000	5258000	4381312	12
29486	3006000	4510000	3757666	68
29488	4322000	6485000	5403536	15
29489	3466000	5200000	4332624	5
29494	3981000	5973000	4976740	11
29495	3455000	5184000	4319991	6
29497	4351000	6528000	5439829	104
29498	3124000	7672000	5397878	4
29507	3530000	5296000	4412676	33
29508	3302000	4954000	4127621	11
29518	629000	1890000	1259498	7
29519	563000	1691000	1127042	41
29522	2130000	3196000	2662929	17
29546	1355000	2034000	1694200	7
29555	671000	1068000	869060	8
29559	693000	1041000	866715	9
29561	515000	774000	644771	4
29562	816000	1225000	1020466	14
29570	3079000	4620000	3849744	5
29575	1334000	2002000	1668004	11
29581	4003000	8697000	6349817	10
29656	105607000	158412000	132009443	5
29760	293380000	539121000	416250765	6
29833	7052000	10580000	8816161	6
29908	26017000	39026000	32521574	4
29910	24592000	36890000	30741189	8
30069	103319000	261702000	182510524	4
31600	2050	6151	4101	4
31744	3559	5338	4449	2
31899	2347000	3522000	2934971	23
31958	7403000	11105000	9253881	4
31971	1603000	2778000	2190201	4
31998	3950000	10338000	7143831	6
32002	3627000	9755000	6690966	9
32013	3738000	5608000	4673011	5
32046	2193000	3291000	2742269	5
33007	1874000	2813000	2343407	5
33010	2029000	3044000	2536605	18
33011	1707000	2562000	2134294	4
33025	1954000	2933000	2443620	20
33028	1893000	2840000	2366437	9
33029	1082000	2731000	1906917	5
33031	1176000	2222000	1699205	5
33033	1343000	2015000	1679083	8
33034	1416000	2588000	2001805	4
33035	4868000	7303000	6085111	7
33038	2069000	4763000	3416105	44
33039	2332000	3574000	2952905	16
33043	2528000	3793000	3160456	8
33044	1456000	2186000	1821148	4
33047	1376000	2229000	1802605	6
33050	2711000	8136000	5423588	4
33051	3215000	4824000	4019493	5
33052	2070000	5078000	3573952	4
33059	2443000	3666000	3054625	8
33060	3687000	5532000	4609446	21
33069	4786000	7181000	5983516	1533
33072	3727000	5590000	4659019	1
33178	23358000	35038000	29197939	5
33203	30108000	45163000	37635373	6
33418	132414000	397244000	264828702	5
33419	6205000	18616000	12410584	5
33424	100540000	301622000	201080857	18
33425	138770000	416312000	277540923	6
33441	142223000	426670000	284446170	10
33444	173696000	521090000	347393280	9
33653	27908000	41863000	34885358	4
33887	2560000	3841000	3200212	26
33888	2554000	3832000	3192866	6
33889	2951000	4659000	3804931	10
33903	6668000	13203000	9935460	8
33905	1833000	2750000	2291643	6
33910	8197000	12297000	10246864	7
33934	1429000	3875000	2651725	11
33936	2169000	5574000	3871459	6
33940	2820000	4231000	3525432	8
33941	2799000	4200000	3499317	9
33945	3320000	5610000	4464845	21
33959	1229000	2615000	1921954	48
33962	2016000	3025000	2520384	8
33964	1474000	2212000	1843229	26
33968	994000	2985000	1989752	29
33970	1654000	2482000	2068256	18
33989	1164000	1748000	1456213	5
33990	1235000	1853000	1543880	5
33995	2162000	5815000	3988883	7
34021	604000	1814000	1208882	28
34038	3586000	7246000	5415775	12
34059	1871000	2808000	2339380	5
34062	1982000	3401000	2691593	14
34073	3505000	10517000	7011330	15
34085	1733000	2600000	2166352	54
34105	1211000	2104000	1657474	25
34373	41003000	123011000	82006883	11
34740	118087000	354262000	236174290	50
35554	1866000	5575000	3720341	6
35703	4081000	6215000	5147759	24
35717	25759000	43726000	34742791	5
35725	24162000	72487000	48324208	9
35755	1896000	2845000	2370698	4
35760	1658000	2488000	2073032	4
35790	1021000	1533000	1277062	34
35792	1040000	1561000	1300534	5
35806	3387000	5307000	4347114	8
35814	2957000	4436000	3696561	78
35817	1274000	1912000	1593060	8
35818	1374000	2255000	1814222	24
35841	3054000	4582000	3818277	6
35884	224347000	658204000	441275799	4
36022	9767000	14651000	12209159	4
36080	27965000	41949000	34957250	5
36330	28058000	42089000	35073456	6
36427	14000	22000	17889	40
36651	20086000	30130000	25107644	4
36740	1809000	2833000	2321200	4
36746	4722000	7084000	5902509	11
36808	1979000	3067000	2522962	21
36809	3715000	6466000	5090344	1686
36822	3751000	6311000	5030771	4
36841	3186000	4780000	3982686	5
36855	2634000	3952000	3292531	29
36861	1594000	4784000	3188869	7
36874	1908000	2863000	2385717	6
36911	9546000	14320000	11933032	30
37326	7235000	10853000	9043969	6
37329	4649000	8165000	6406891	9
37330	6279000	9420000	7849771	9
37332	6209000	9315000	7762175	17
37360	18967000	28452000	23709518	49
37372	1791000	3132000	2461614	12
37636	1562000	3060000	2310961	44
37637	1856000	2786000	2320839	7
37727	22656000	33985000	28320026	6
37734	2365000	4743000	3554024	56
37919	6924000	11061000	8992401	10
37921	2243000	4239000	3240743	5
37923	1512000	3082000	2296741	13
37928	3610000	6183000	4896127	4
38170	15000	32000	23419	36
38289	1931000	2898000	2414649	27
38293	3239000	5710000	4474417	41
38301	2156000	3236000	2695970	5
38305	1864000	3552000	2707935	4
38313	3853000	5781000	4817247	37
38323	1490000	2237000	1863439	24
38525	10000	17000	13508	5
39152	1397000	2097000	1746697	9
39482	3791000	6520000	5155658	5
39483	1476000	2413000	1944726	5
39485	1514000	4545000	3029421	20
39486	2552000	4045000	3298520	28
39488	1710000	5132000	3420935	11
39490	2695000	4044000	3369708	10
39496	1321000	3965000	2642830	10
39645	5487000	8231000	6859090	6
39664	1665000	2499000	2081705	4
39693	5490000	8237000	6863476	6
39777	1652000	2479000	2065029	10
39778	1040000	3121000	2080655	10
39803	3120	4680	3900	22
39804	3393	5090	4242	10
39962	3011000	4518000	3764337	4
40050	15000	24000	19524	213
40051	15000	24000	19179	171
40151	1818439000	2997352000	2407895765	4
40214	2338000	4786000	3561823	29
40215	2588000	4153000	3370691	62
40216	1612000	4498000	3055371	55
40262	32182000	48275000	40228400	4
40324	3155000	6018000	4586670	440
40518	1547000	2808000	2177295	40
40520	2780000	4568000	3674057	40
40545	1921000	3679000	2799852	8
40559	33363000	50046000	41704751	4
40576	3363000	5525000	4444137	11
40998	21114000	31672000	26393266	10
41058	32025000	48039000	40031924	5
41202	3953000	5931000	4941775	5
41950	2093000	5245000	3669241	7
41997	1311000	3934000	2622550	5
42234	8465000	12699000	10582418	9
42322	1772000	3982000	2877062	4
42345	230393000	691180000	460786625	4
42354	2283000	4378000	3330830	4
42565	2163000	6146000	4154261	4
42858	2175000	3264000	2719515	9
43049	15915000	47748000	31831680	9
43080	1942000	3349000	2645252	21
43263	2314000	6944000	4629304	9
43304	5418000	8128000	6773194	8
43305	3206000	4886000	4045793	4
43595	2608000	4014000	3310975	7
43657	4113000	8008000	6060513	20
43658	4590000	6886000	5737860	12
43662	4300000	6451000	5375735	16
43669	2891000	4337000	3614992	2
43675	1331000	3239000	2284980	24
43687	1753000	2630000	2191531	7
43765	1988000	2984000	2486087	12
43767	4163000	6246000	5204234	43
43768	2284000	3428000	2855988	5
43769	2042000	3064000	2553120	11
43770	2248000	3448000	2847964	27
43771	1686000	3052000	2369219	9
44008	1837000	2783000	2310464	22
44250	5361000	8043000	6702222	4
44252	5813000	8720000	7266256	4
44560	2196	3294	2745	12
44574	2826000	5090000	3957803	4
44577	2482000	4030000	3255798	8
44752	4341000	13026000	8683833	4
44822	2948000	6674000	4811176	5
44823	3563000	5345000	4453879	8
44930	2967000	4452000	3709389	4
45065	2117000	3176000	2646406	6
45067	2327000	3492000	2909762	4
45071	3348000	5024000	4185834	4
45073	2895000	4343000	3618999	5
45130	29251000	43877000	36564086	6
45151	23541000	44852000	34196937	10
45462	3916000	6521000	5218727	6
45634	1599000	2547000	2073086	30
45658	3912000	5869000	4890182	4
45972	1968000	3124000	2546404	21
46126	1848000	2773000	2310830	99
46127	1916000	2875000	2395775	29
46206	2258000	3608000	2932765	7
46224	2974000	4740000	3856897	5
46228	2266000	3400000	2833285	6
46256	1492000	2240000	1866031	6
46257	4548000	7412000	5980240	15
46351	3653000	6427000	5040065	4
46503	3026000	6365000	4695321	54
46506	2950000	5193000	4071747	57
46541	1512000	2269000	1890427	7
46678	5014000	7523000	6268579	5
46679	4667000	7002000	5834313	4
46680	4397000	8784000	6590482	8
46867	2306000	3461000	2883701	5
47229	2652000	7957000	5304421	6
47312	3788000	5683000	4735197	5
47466	674000	2023000	1348464	21
47500	5005000	7509000	6257479	8
47678	4296000	6479000	5387251	47
47715	2359000	3539000	2948891	180
47735	1922000	2884000	2402510	7
47763	6519000	10850000	8684422	8
47770	1432000	2842000	2136956	114
47845	3252000	4879000	4065582	8
47850	5890000	8836000	7362844	5
47877	4887000	7331000	6108862	91
47878	5363000	8046000	6704783	10
47879	4901000	7353000	6127429	8
47880	3663000	6096000	4879533	11
47883	5249000	7875000	6562330	15
47884	3943000	5915000	4929046	4
47885	2801000	7286000	5043335	15
47886	3592000	7300000	5446167	6
47917	4417000	7039000	5727856	17
47920	2212000	6638000	4424744	6
47951	3985000	5978000	4981528	79
48003	762000	1144000	953288	15
48296	3189000	4784000	3986268	413
48664	2911000	5392000	4151672	61
49283	5229000	7845000	6537383	7
49338	4223000	6335000	5279134	7
50338	5941000	8913000	7426749	4
50340	5226000	7841000	6533439	8
50719	4092000	6140000	5115878	12
50960	1950000	2927000	2438662	5
51101	4299000	6450000	5374818	5
51203	1524000	2288000	1906118	4
51288	4211000	6318000	5264779	5
51453	26000000	39001000	32500589	5
51541	4455000	7075000	5764773	5
51589	3117000	4677000	3896891	5
51655	168425000	505276000	336850047	5
51663	1605000	2795000	2199921	12
51665	1459000	2567000	2013339	5
51669	1962000	2944000	2452822	18
52133	2775000	4164000	3469556	12
52226	1270000	3811000	2540016	4
52242	1459000	2582000	2020515	7
52442	1887000	4361000	3123735	4
52584	2096000	3146000	2620958	20
52586	39896000	59845000	49870356	5
52689	3392000	5089000	4240365	4
52767	2284000	3427000	2855055	4
52904	433207000	649811000	541508849	4
53260	2196	3295	2746	12
53344	2058000	3089000	2573553	21
53345	2442000	3664000	3052879	48
53346	2462000	4052000	3256870	28
53407	5584000	9763000	7673866	6
53408	5741000	8613000	7176967	8
53409	4535000	6804000	5669554	76
53413	3651000	6248000	4949891	14
53442	3489000	5235000	4362257	4
53444	1144000	1717000	1430375	12
53485	29069000	67728000	48398760	13
53985	58282000	99469000	78875498	14
54005	978000	2730000	1853797	6
54121	2264000	3397000	2830667	15
54289	2946	4419	3683	5
54291	4492000	6920000	5706020	67
54571	6506000	9760000	8132726	12
54736	3327000	5962000	4644779	63
54913	4958000	7439000	6198467	4
55194	6994000	20985000	13989663	8
55197	2860000	4291000	3575459	5
55208	4021000	6033000	5026926	4
55211	1766000	5301000	3533600	10
55577	289703000	869110000	579406249	5
55601	2919000	5436000	4177444	27
56192	3510000	5266000	4387987	7
56448	4002000	6004000	5002761	95
56454	4200000	6302000	5250904	5
56458	3918000	5879000	4898624	6
56459	3936000	5905000	4920627	88
56460	4242000	6365000	5303523	16
56689	3089000	9270000	6179934	9
56812	3058000	6535000	4796629	5
56877	1415000	2124000	1769497	10
56878	1296000	1945000	1620367	5
57037	2480000	3721000	3100593	4
57482	9572	15000	11966	9
57704	3937000	5907000	4922396	7
57705	2653000	3980000	3316362	4
57706	4068000	6104000	5086171	35
57732	2048000	3073000	2560363	5
57975	5365000	8049000	6706700	49
58291	22205000	66616000	44410110	9
58343	5068000	15205000	10136581	4
59310	1730000	2597000	2163740	7
59479	997482000	2992448000	1994965235	4
59509	120000	181000	150545	16
59586	34090000	51137000	42613724	41
59729	732793000	1378529000	1055661049	7
59737	2704000	4057000	3380281	5
59813	4538000	6809000	5673594	4
59814	3895000	5844000	4869344	18
59816	4568	6853	5711	1
59843	4772000	8296000	6533851	6
59893	4835000	7254000	6044698	8
60137	2099000	4613000	3355671	8
60520	1661000	4986000	3323419	12
60549	6870000	10306000	8588263	6
60550	6370000	9557000	7963447	7
60552	5458000	8188000	6823232	47
60890	3632000	5450000	4541013	10
61015	2209000	3315000	2761755	20
61235	32206000	48310000	40257718	4
61435	1034000	1744000	1388914	41
61476	453938000	1361816000	907876966	4
61645	3630000	6052000	4841061	85
61646	3576000	5365000	4470525	8
61647	4404000	6608000	5506011	20
61648	2857000	7020000	4938529	6
61652	3996000	5995000	4995355	7
62079	2770	8311	5541	4
62322	3658000	6842000	5250121	14
63363	1272000	1908000	1590791	1
63577	29005000	43509000	36257228	4
64104	4530000	6797000	5663609	111
64320	8645	13000	10807	5
64363	15142000	45428000	30284678	19
64495	31447000	54237000	42841631	8
64988	2903000	4356000	3629371	5
65058	2001000	3003000	2501730	30
65357	26392000	39589000	32990475	7
65489	234048000	351073000	292560727	4
65959	2435000	3653000	3044158	8
66219	3584000	5839000	4711470	5
66269	3822000	5735000	4778447	12
66851	1682000	2525000	2103692	4
66948	8423000	12635000	10529110	6
67304	7635000	11453000	9544071	5
67351	6228000	9343000	7785545	7
67581	6526000	9791000	8158415	4
67780	2964000	4448000	3706145	9
67824	3888000	6853000	5370841	4
67827	4049000	6075000	5062051	11
68170	8359000	12540000	10449723	4
68570	6676000	12032000	9354309	6
68886	4629000	13890000	9259684	4
68892	1448000	2291000	1869505	11
68895	6787000	10181000	8483849	4
69181	203183000	609550000	406366504	4
69218	3905000	5859000	4882032	16
69220	3790000	5686000	4738161	4
69293	333994000	500993000	417493368	5
69395	2716000	8151000	5433566	5
69781	24302000	36455000	30378446	6
69966	1756000	2635000	2195272	45
69974	3569000	10709000	7138901	5
70255	2144000	3217000	2680281	8
70611	2441000	3663000	3052492	16
70775	4671000	7007000	5838914	16
70799	4281000	6422000	5351435	4
70863	4105000	6157000	5131424	2
71237	2061000	3093000	2577283	9
71433	3491000	10476000	6983417	4
71451	3688000	5533000	4610222	5
71452	3367000	5051000	4208854	6
71657	3078000	4618000	3848106	6
71999	2023000	3665000	2843936	6
72000	2133000	3316000	2724693	16
72026	1418000	2129000	1773544	4
72149	6299	11000	8235	6
72361	3143000	4716000	3929787	5
72520	20155000	37306000	28730507	4
72557	5158000	7738000	6448288	7
74426	1284000	3177000	2230232	46
74722	29196000	43795000	36495090	4
74829	3489000	5235000	4361731	4
75105	7364000	11047000	9205673	5
75588	4990000	7487000	6238666	4
75612	5508000	8264000	6885924	10
75658	1273000	1910000	1591266	30
75736	7611000	11418000	9514252	4
75985	2108000	3163000	2635019	189
76594	3690000	5537000	4613605	5
76758	4777000	7167000	5972457	9
76759	3038000	8500000	5769008	24
76760	4803000	7206000	6004508	6
76761	5484000	8775000	7129310	13
76773	7150000	10726000	8938243	4
76775	3629000	10889000	7259217	5
76777	6183000	9275000	7729037	9
76832	3232000	4850000	4041097	11
76860	1530000	2297000	1913551	18
76936	1451000	2178000	1814581	5
77022	3030000	4707000	3868653	20
77095	1681000	4912000	3296120	9
77298	5250000	7876000	6562829	6
77608	3588000	5383000	4485707	4
77856	1596	2394	1995	419
78258	1512000	2270000	1891123	5
78327	4597000	6896000	5746626	8
78331	3535000	5304000	4419397	9
78342	1603000	2406000	2004594	4
78344	1072000	3218000	2144701	4
78345	1628000	2925000	2276555	4
78398	4047000	6072000	5059674	14
78544	5207000	7811000	6509153	4
79327	346497000	1039494000	692995953	4
79329	3366000	10099000	6732602	6
79588	17208000	44450000	30829093	4
79880	3488000	5233000	4360437	21
79883	3436000	5156000	4295882	5
80600	28031000	42048000	35039901	7
80842	4506000	6760000	5633154	7
80852	3708000	5563000	4635126	7
80854	4090000	6137000	5113655	13
80866	3274000	9825000	6549354	17
80867	2329000	6988000	4658021	9
80869	4207000	6492000	5349686	12
81462	1478000	2218000	1848474	1
81858	4244000	6367000	5305458	6
81970	90556000	271669000	181112425	4
82135	1160000	1741000	1450717	6
82367	2763000	5896000	4329413	8
82374	1457000	4004000	2730353	4
82380	3114000	4673000	3893707	8
82508	19553000	29331000	24442394	4
82541	4320000	6838000	5578743	5
82633	5069000	8584000	6826799	5
82676	6292	9439	7866	4
82981	3382000	5074000	4227602	4
82983	4009000	6015000	5011796	5
82985	3230000	4847000	4038704	5
82995	4084000	6128000	5106124	5
82996	4337000	6506000	5421652	18
83262	4546000	6820000	5682787	17
83526	1572000	3937000	2754222	13
83552	2403000	3605000	3004123	4
83554	942000	1415000	1178420	65
83555	578000	1737000	1157980	48
83558	982000	1475000	1228576	13
83559	873000	1311000	1092041	33
83560	858000	1288000	1072952	28
83655	2421000	6752000	4586714	99
83656	6415000	9624000	8019548	5
83683	1280000	1922000	1601193	7
83771	2039000	3595000	2817044	4
84023	3481000	5223000	4352205	5
84024	2874000	4313000	3593577	4
84032	3672000	5509000	4590738	4
84096	4038000	6058000	5048240	4
84112	2120000	4848000	3484218	42
84135	1437000	2156000	1796606	5
84531	4475000	6817000	5646243	4
84595	3795000	8566000	6180512	5
85404	1763000	2646000	2204450	5
85698	4903000	8123000	6513005	71
85701	1421000	3404000	2412395	4
85708	1413	2120	1767	2423
85831	2532000	7599000	5065678	9
85982	30254000	48605000	39429864	4
85991	884000	1327000	1105384	12
86102	2108000	3251000	2679427	14
86185	3955000	5933000	4943754	22
86265	5270000	7906000	6587919	6
86664	2985000	4827000	3906163	7
86840	4780000	7172000	5975918	6
87541	1319000	1980000	1649651	4
87883	5144000	7717000	6430238	204
88431	1562000	4687000	3124252	25
88456	35397000	53097000	44247389	37
89059	1786000	2842000	2313671	4
89153	3054000	4582000	3817918	4
89462	2141742000	3212614000	2677178324	5
90239	1653000	2480000	2066626	4
90245	1958000	3042000	2499738	11
90270	4246000	6370000	5307920	13
91915	2602000	3904000	3252600	4
91943	24310000	72932000	48620809	13
92644	8814000	13223000	11018516	4
92647	7038000	10559000	8798461	6
92942	7210000	10816000	9012724	14
92945	2621000	3932000	3276390	5
93064	3864000	5797000	4830159	76
93218	4487000	6732000	5609637	21
93220	4311000	6468000	5389547	10
93222	4765000	7148000	5956418	5
93930	759000	2278000	1518182	4
94132	3462000	6832000	5147124	5
94625	2733000	6696000	4714489	18
94626	3648000	6580000	5114363	4
95149	712000	2137000	1424421	4
95342	5956	8934	7445	10
95485	6548000	10463000	8505441	5
95486	6332000	9592000	7962093	298
96344	4819000	10447000	7632792	4
96345	1376000	4082000	2729332	120
97478	1284000	2875000	2079103	13
100053	3249000	4875000	4061826	6
100755	2263	3394	2829	15
100884	3042000	4565000	3803585	7
101571	6021000	9033000	7527412	307
101932	4157000	12472000	8314386	23
102148	1409000	2588000	1998704	4
102684	1540000	2311000	1925087	5
103232	8542000	12814000	10677810	4
103621	2078000	3119000	2598372	5
103816	3834000	7061000	5447203	10
103817	896000	2690000	1793165	5
103855	3917000	5876000	4896361	20
104087	5037000	8012000	6524485	13
104099	2408000	3613000	3010195	4
104101	2688000	4034000	3361018	4
104102	3006000	4510000	3758162	10
104268	2681000	4022000	3351329	4
104336	2874000	4313000	3593462	4
104628	1309000	1965000	1637016	18
105219	3886000	5830000	4858077	9
105612	1338000	2009000	1673442	4
105841	2703000	4056000	3379250	4
106370	4210000	6316000	5262682	4
106590	3936000	10898000	7416678	11
106592	4686000	9849000	7267502	11
106648	3716000	5576000	4646177	25
106649	3876000	5816000	4845871	8
106654	2394000	5424000	3908878	147
106966	5912	8869	7391	11
108015	6446000	9670000	8058006	8
108098	28000	43000	35232	250
108980	2449000	4501000	3474999	63
108981	2076000	4413000	3244374	10
109328	2284000	3427000	2855727	4
109615	2654000	6653000	4653276	10
109790	1225000	2091000	1657536	39
109975	4793000	11265000	8028605	6
110321	5382000	8075000	6728715	59
111105	1884000	2828000	2356049	12
111504	1440000	2161000	1800483	5
112090	26747000	80243000	53495060	12
112904	2444000	3667000	3055159	5
113107	1494000	2431000	1962410	7
113366	153000	231000	191718	5
113540	590591000	885888000	738239437	6
114155	30761000	46143000	38452111	4
114186	131000	198000	164376	8
114524	4136000	12411000	8273758	19
114742	21561000	64684000	43122136	12
114977	4177000	6266000	5221451	4
115357	302206000	681436000	491820628	4
117187	33816000	50725000	42270168	4
118140	5611	8416	7014	11
118562	5004000	8000000	6501886	5
119219	5557000	8337000	6947252	10
119858	3760000	5641000	4700172	8
119927	27779000	41670000	34724477	7
119981	2405000	3608000	3006414	4
120168	2192	3289	2741	6
120213	2941000	4756000	3848592	7
120576	2664000	3998000	3331029	5
120577	2622000	3934000	3278034	9
121428	2228000	6214000	4221110	5
121719	4143000	6918000	5530656	7
121759	23451000	35177000	29314059	4
121791	14000	22000	18246	14
122355	4215000	6324000	5269270	7
123841	1298000	1948000	1622996	5
123899	3554000	5333000	4443574	9
126385	3247000	4872000	4059534	27
128780	2497000	5247000	3872187	7
129355	28320000	69689000	49004543	5
129364	62209000	93315000	77761924	5
129817	4794000	7192000	5993024	5
129875	27000	41000	33776	9
129921	7392000	11089000	9240616	4
129950	27000	42000	34446	4
129951	28000	44000	35921	117
130081	10796000	17285000	14040544	10
130308	28000	44000	35962	77
130309	27000	42000	34169	27
130310	28000	43000	35100	203
130328	26000	40000	33213	8
130369	27000	41000	34094	5
132144	837000	2512000	1674039	4
132476	5160000	7741000	6450472	8
133448	3980000	5972000	4975888	7
133704	1407	2110	1759	64
133926	1472000	2834000	2153240	5
134533	1713000	4043000	2878042	5
134534	3446000	5171000	4308648	5
134536	5865000	8799000	7332037	4
134537	7106000	10661000	8883358	7
134821	555000	910000	732889	15
135487	5175000	7764000	6469629	8
135577	1689000	3990000	2839538	6
135735	4252000	6379000	5315384	8
136468	4526000	6790000	5657667	87
137545	3959000	6606000	5282433	6
137591	1757000	3121000	2439082	37
138072	1061000	3184000	2122302	13
138074	1232000	3697000	2464304	8
138563	1447000	2171000	1809021	5
138948	5923	8884	7404	21
138949	5936	8905	7421	59
138950	5951	8926	7439	46
139208	1683000	4956000	3319644	4
140626	2085000	3129000	2607232	5
141904	3772	12000	7545	6
145458	1848000	2774000	2311049	24
145522	22111000	33168000	27639860	7
146032	1456	2185	1821	69
146474	2267000	3549000	2908375	7
146476	1341000	4026000	2683466	6
146786	2075000	3112000	2593857	2
146819	7343000	13657000	10499951	5
146919	2847000	4679000	3762895	11
146922	6800000	10201000	8500765	4
146939	1725000	5176000	3450427	5
147207	895000	2686000	1790615	6
147645	3715000	5574000	4644538	6
147711	5707	8560	7134	78
147712	5771	8656	7214	30
147802	1035000	1554000	1294173	23
148305	32141000	54835000	43487971	8
148814	1241000	1863000	1552275	24
150055	1479000	2219000	1849037	9
150056	2027000	3087000	2557141	6
150123	3412000	5120000	4265930	4
151081	3146000	5015000	4080574	16
152331	2108000	3163000	2635444	26
152332	2015000	3024000	2519554	4
152480	6075000	9114000	7594947	10
152500	5080000	7621000	6350502	4
152682	3197000	4796000	3996271	8
153496	2615000	3923000	3269041	4
154046	3484000	10455000	6969461	24
154288	2427000	3641000	3033771	232
155077	3661000	5492000	4576568	4
155322	4743000	7116000	5929354	215
155866	1336000	2005000	1670713	4
155892	2609000	5638000	4123726	11
156630	27042000	40564000	33802943	5
156980	2923000	4386000	3654475	4
157268	1317000	1976000	1646265	7
157687	1893000	2841000	2366708	6
157782	3208000	6697000	4952671	8
158627	4721000	7083000	5901685	4
158787	2515000	3773000	3143954	5
158822	3886000	6283000	5084351	6
158836	3967000	5952000	4959822	841
158847	1524000	2937000	2230342	5
158849	2659000	3990000	3324506	4
158850	3116000	4676000	3896203	9
158877	3827000	5742000	4784486	8
159743	3041000	9126000	6083395	5
160453	3306000	4960000	4133234	4
160808	2198000	4330000	3264018	6
161398	3748000	5623000	4685668	7
161879	2012000	3019000	2515269	6
161934	240985000	722956000	481970046	10
162145	10000	17000	13335	5
162426	2350000	4659000	3504460	4
163011	5223000	7836000	6529736	5
163665	3161000	4742000	3951265	4
164328	20478000	61436000	40957193	24
164514	490000	736000	612964	11
164546	5391000	8088000	6739791	44
165096	1098000	1951000	1524363	4
165179	2687000	4648000	3667219	112
166486	3060000	5561000	4310506	12
168471	2637000	3957000	3296800	4
168695	4191000	6287000	5239114	11
168697	4584000	6877000	5730171	47
168935	3643000	5466000	4554590	5
169292	1365000	4096000	2730325	29
169430	8958000	13439000	11198650	7
169435	2842000	4596000	3718888	7
169669	5076000	7616000	6345885	4
169679	4086000	6130000	5107995	8
170573	1977000	2967000	2472221	18
170623	2462000	7389000	4925359	6
170673	3780000	5671000	4725621	12
170679	4263000	6396000	5329810	4
171693	2940000	4411000	3675175	4
172042	1294000	3884000	2588680	7
172045	3435000	5154000	4294235	16
172278	2210	3315	2763	5
172827	2401000	3603000	3002235	4
173365	2623000	6593000	4607785	7
174633	1882000	5647000	3764664	7
174685	1839000	2760000	2299658	4
176102	3610000	5417000	4513688	4
176275	27943000	41916000	34929601	10
176292	1656000	2486000	2071032	4
178214	1521000	2283000	1901777	4
178606	1250000	3222000	2235649	19
178901	2321000	4706000	3513430	7
179636	3805000	5709000	4757340	4
179879	5918000	8879000	7398701	12
180088	31680000	47521000	39600252	4
180170	89000	135000	112080	7
180282	5160000	8179000	6669708	8
180332	5761000	8643000	7202111	4
180957	3852000	5780000	4815938	27
181343	28901000	43352000	36126572	7
181667	6586	9879	8233	5
182337	4020000	6032000	5026058	5
183417	3072000	4609000	3840306	4
183795	5037000	7556000	6296596	6
184870	1621000	2570000	2095589	5
184917	2908000	6328000	4618083	4
185008	2711000	4067000	3388930	4
185793	2189	3284	2737	7
186540	15000	22000	18875	1
186541	15000	22000	18935	1
186805	120000	181000	150194	11
187304	5284000	7928000	6606192	4
187327	1795000	2693000	2243882	5
187452	1571000	2358000	1964414	4
188144	4377000	6566000	5471633	16
189381	3366000	5324000	4344713	10
189382	3510000	5561000	4535833	8
189426	5567000	8351000	6958935	35
189691	6247000	9372000	7809407	5
190061	35000	53000	43804	9
190063	34000	53000	43722	44
190064	34000	53000	43586	22
190065	35000	53000	43845	25
190721	4790000	7186000	5987762	5
190893	4544000	6817000	5680628	15
190895	4294000	6443000	5368584	11
191390	5000000	7501000	6250362	5
191770	1899000	3092000	2495561	4
191960	3197000	5108000	4152632	4
193462	6564000	9847000	8205019	4
194440	7226	11000	9033	4
194441	7165	11000	8957	9
194963	5362000	8044000	6702527	6
195105	3300000	4951000	4125358	4
196024	3830000	5746000	4787505	21
196064	23913000	71742000	47827394	9
196093	2192	3288	2740	4
196367	4520000	13561000	9040390	8
197575	1539000	2310000	1924280	6
197614	1727000	2592000	2159802	11
198252	530000	1593000	1061964	26
198618	5361000	8042000	6701403	5
198620	4898000	7349000	6123544	14
199306	19479000	31862000	25670559	10
199592	2622000	4312000	3467278	7
200450	4313000	6956000	5634567	5
200451	4000000	8353000	6176400	9
200452	4534000	6802000	5667544	8
202611	3190000	5836000	4512819	4
202950	2881000	4323000	3602029	6
202951	2367000	4359000	3363059	4
202954	2721000	4865000	3793054	6
202956	2340000	3511000	2925028	6
204038	3893000	5841000	4866667	6
204039	3879000	5820000	4849661	12
204042	3717000	5576000	4646517	11
204516	3423000	5463000	4443004	5
205686	32955000	49433000	41193965	4
206506	3171000	4757000	3964094	4
207340	3979000	5970000	4974512	6
208223	3423000	6191000	4807035	7
208224	2494000	7430000	4961697	75
208348	76093000	114140000	95116449	16
208479	3219000	9660000	6439908	18
208962	3408000	6145000	4776341	97
212035	882000	1481000	1181549	7
212663	4403000	6606000	5504582	24
213554	2799000	5436000	4117176	4
214473	2115000	3664000	2889681	8
214851	1368000	4105000	2736079	10
214853	1727000	2843000	2284603	4
214856	2801000	4204000	3502373	5
215358	507198000	865530000	686363793	5
216778	2108000	6326000	4216903	11
216816	1874000	2945000	2409496	711
217203	5157000	7737000	6447136	6
217204	5177000	7767000	6472476	11
218284	3673000	5511000	4591723	6
220608	2207	3310	2759	5
220697	3583000	5754000	4668640	15
220932	2212	3319	2766	5
221822	3397000	5163000	4280038	24
222456	2195	3292	2744	5
222459	2211	3316	2764	9
222805	4804000	7451000	6127393	22
223252	2191	3286	2739	6
223919	4686000	7030000	5857971	4
223967	3694000	7856000	5774611	6
225991	2760000	4702000	3731258	4
225992	2405000	4473000	3439110	7
226665	1023000	1536000	1279369	5
229007	1917000	5754000	3835693	4
229634	2193	3290	2742	5
229636	2188	3282	2735	4
230603	9251000	13878000	11564880	6
231049	2324000	3487000	2905721	4
231455	3641000	5959000	4800211	4
232082	40240000	60361000	50300570	4
233316	3777000	5667000	4721861	5
237258	2198000	3298000	2747749	4
237610	4271000	6408000	5339485	19
237895	7236000	10855000	9045614	12
238834	3974000	5963000	4968461	4
239935	2038000	3484000	2760987	137
240427	2808000	4213000	3510481	5
240865	2210	3315	2763	15
242606	3715000	5574000	4644245	4
244366	2829000	8488000	5658374	295
244566	4852000	7280000	6066243	9
245174	7636000	11455000	9545103	22
246167	4027000	6360000	5193919	75
246432	2187000	3394000	2790683	42
246618	1777000	2667000	2222292	4
246787	4930000	9018000	6974053	20
251747	3819000	5729000	4774135	7
253239	2407000	3612000	3009512	5
254758	3153000	4731000	3942442	13
255045	6630000	9946000	8287509	15
255507	1786000	2681000	2233676	5
255519	3833000	5751000	4792472	4
257438	2753000	4131000	3441823	8
257708	2894000	6882000	4887855	4
257758	1736000	2609000	2172626	64
260554	3306000	4960000	4132653	19
260714	732000	2198000	1465207	5
261299	1706000	4246000	2975531	6
263511	3243000	8528000	5885431	6
263819	3499000	5250000	4374668	8
264951	24366000	36550000	30458061	4
265294	85000	128000	106380	21
265606	5718000	8578000	7147632	6
265959	2998000	4498000	3748084	4
266809	2820000	4231000	3525449	4
267135	2895000	4778000	3836141	9
267363	2175000	3263000	2718994	4
267818	1805000	2709000	2257141	7
268141	4095000	7134000	5614427	6
269673	2614000	3922000	3268069	6
270146	2224	3336	2780	4
270256	3812	5718	4765	4
271420	3378000	5837000	4607758	7
273350	9896	15000	12370	4
273371	9866000	16134000	13000155	4
273384	3291000	5004000	4147494	23
273677	2379000	3569000	2974012	7
279058	3417000	6684000	5050208	4
280145	3223000	4935000	4078968	10
283686	4627000	6941000	5783769	7
283734	2125000	3189000	2657317	228
285458	5621000	12416000	9018469	5
285676	5649000	8475000	7061980	6
288795	13376000	40131000	26753668	23
289078	23260000	34892000	29076056	4
289389	209000	630000	419638	5
291644	4654000	6983000	5818347	43
291645	4432000	6649000	5540380	4
292029	112000	170000	141018	15
292800	2176000	6244000	4209970	16
293089	2696000	7581000	5138310	4
293091	2690000	4037000	3363694	4
293386	2958000	4439000	3698665	10
293387	2995000	4494000	3744850	43
299767	3882000	5824000	4853131	36
300181	4298000	6448000	5373294	4
301148	2445000	3669000	3057066	7
301301	2873000	4311000	3592125	4
301302	1667000	5003000	3334694	7
301375	1311000	3344000	2327414	15
303541	1344000	2017000	1680798	4
304207	2183000	4088000	3135367	8
307251	5186000	8558000	6872031	4
310297	2443000	5607000	4025371	24
310298	2918000	5355000	4136315	4
310300	2738000	4108000	3422915	9
310575	2274000	6823000	4548505	4
311410	5330000	8432000	6880949	4
312279	703000	2110000	1406396	6
314275	2900000	6062000	4480937	17
314722	2659000	4176000	3417743	6
315347	567570000	851356000	709462965	19
315405	1719000	2906000	2312171	26
317735	2830000	4246000	3538145	4
318456	4018000	6028000	5023225	23
318464	2934000	4403000	3668398	4
318683	2664000	3997000	3330482	4
318829	29862000	47467000	38664270	210
321318	2583000	4571000	3577061	4
321662	4877000	7316000	6096453	8
321846	4961000	7443000	6202287	10
321895	6405000	9609000	8007240	4
322505	1921000	2882000	2401553	5
324685	1594	2391	1993	114
324767	4058000	6088000	5073099	4
325452	28057000	48256000	38156499	12
326522	1827000	2741000	2283939	5
327160	2242000	6283000	4262643	13
328812	3379000	10138000	6758370	21
328813	2827000	4241000	3534089	270
328814	2291000	4428000	3359819	5
329852	2827	4240	3534	13
329853	2766	4149	3458	5
329854	4822000	7235000	6028669	22
332186	3862000	5794000	4827717	11
332411	3646000	5470000	4557930	4
333754	6315	9472	7894	6
333757	6376	9564	7970	4
333767	6442	9663	8053	12
333924	5917	8876	7397	25
333926	5842	8763	7303	6
333962	3402000	5104000	4253305	4
334207	6034	9051	7543	4
334542	5423000	8136000	6779439	12
334735	1510000	4532000	3021023	4
336810	135000	407000	270927	30
336988	1470000	2206000	1838036	5
337039	6307	9460	7884	10
337041	6323	9484	7904	7
337042	6280	9420	7850	8
337044	6264	9397	7831	4
337050	6278	9417	7848	4
337051	6128	9192	7660	24
337052	6362	9543	7953	6
337243	1784000	5353000	3568392	10
338188	2502000	7507000	5004587	17
339268	4501000	6753000	5626671	20
342002	3442000	5442000	4442000	4
342113	5708000	8563000	7135004	8
342409	236000	355000	295072	14
343874	2451000	4424000	3437627	4
349221	1783000	2854000	2318442	5
351187	4083000	6678000	5380631	40
356829	1728000	2594000	2161057	4
357233	3384000	5077000	4230493	4
357240	2307000	6923000	4614955	6
357276	3747000	7143000	5444912	58
357441	2215000	3324000	2769911	5
358743	5180000	7772000	6476047	5
359110	5280000	7922000	6601213	6
359408	1382000	3776000	2579046	4
360293	2203000	5337000	3770083	8
360807	2054000	5450000	3751806	13
361101	1689000	2534000	2111372	5
361277	2366000	4883000	3624528	11
361575	3563000	5346000	4454891	4
363265	1552000	4658000	3105158	4
363952	4295000	6443000	5369106	19
364410	2172000	3259000	2715780	10
365349	4026000	6041000	5033611	6
367190	3883000	5825000	4853786	7
368603	3346000	5020000	4182580	4
371601	5083000	7626000	6354660	93
372787	3849000	6833000	5341107	35
375175	2226000	3340000	2782906	9
376620	2018000	4302000	3159912	6
376820	27000	42000	34600	5
379097	3652000	5479000	4565090	5
379347	3830000	5746000	4788142	49
379893	3693000	5541000	4617167	7
380021	5550000	8326000	6938184	48
386414	2493000	3740000	3116396	7
386891	1771000	2658000	2214184	8
387090	1926000	5779000	3852661	7
387661	3706000	5560000	4632977	6
390842	2370000	3556000	2963097	5
391228	2276	3414	2845	4
392416	1775000	2664000	2219370	4
393921	1685000	2529000	2106861	6
394340	2286000	3430000	2857603	4
394935	4100000	6151000	5125220	7
396323	2479000	3719000	3099050	6
398743	2002000	6007000	4004227	7
400121	1628	2442	2035	5
400946	1700000	2551000	2125251	12
401562	4073000	6111000	5092239	4
401619	311000	853000	582001	4
404941	3958000	5939000	4948648	10
408139	3533000	5301000	4416922	7
409322	2420000	3783000	3101343	7
409998	3379000	5069000	4224127	7
410072	2669000	4005000	3337373	11
412384	3471000	7084000	5277323	16
413497	3635000	5454000	4544955	36
413501	3484000	5227000	4355403	4
413502	3285000	5831000	4557787	12
413503	3576000	5365000	4470589	45
415593	30973000	46460000	38716499	4
416943	5645000	8468000	7056273	9
417368	2168000	3253000	2710056	4
418240	1654000	4963000	3308007	21
419005	1905000	2859000	2382022	5
419015	1432000	2150000	1790970	10
419257	3921000	5883000	4901876	10
419475	3981000	5973000	4976978	6
420645	1630000	2595000	2112502	4
421010	7728	11000	9660	1
431041	745000	2238000	1491458	9
431269	5013000	7520000	6266506	4
435897	5016000	7525000	6270270	4
435910	2766000	6754000	4759863	6
436515	5417000	8127000	6771730	6
437897	1896000	2845000	2370229	6
438356	15501000	46504000	31002227	5
438744	2782000	4174000	3478129	5
442694	4156000	6236000	5196060	142
446660	2264000	3397000	2830301	4
446692	3159000	4740000	3949347	4
447106	3361000	5042000	4201335	5
449659	1866000	2800000	2333322	4
450367	4055000	6855000	5455033	5
451644	5162000	7744000	6452502	13
453050	8584	12000	10731	1
454155	2393000	5186000	3789431	4
454171	2729000	4095000	3412032	4
454602	2879000	4326000	3602142	4
456327	4257000	6386000	5321319	65
456999	21543000	64630000	43086021	10
458197	4152000	6230000	5190873	6
458836	5486000	16459000	10972510	5
459472	3135000	4704000	3919558	4
459526	3455000	7300000	5377387	7
460519	7493000	11240000	9366601	6
463360	2064	3097	2581	5
463676	5670	8505	7088	26
467085	913000	2742000	1827907	4
470934	2419000	7259000	4839154	19
471189	2680000	4118000	3399341	4
472695	2050000	6153000	4101892	10
474922	44375000	68620000	56497585	6
477666	1506000	4521000	3013387	6
479117	1892000	2839000	2365554	5
481446	3241000	4863000	4052377	4
482957	5864000	11167000	8515558	4
487174	2340000	3915000	3127060	4
487175	2106000	3735000	2920116	18
487316	1735000	5207000	3470982	32
487514	4207000	6451000	5329312	4
487698	3529000	5295000	4411948	4
488447	6489000	10529000	8509249	21
488731	6119000	9179000	7648944	5
488732	5474000	8212000	6842718	13
489632	4260000	6392000	5325887	4
491921	1863000	2796000	2329946	5
492670	3183000	4776000	3979382	219
497725	4271000	6408000	5339663	4
498019	9831000	14748000	12289510	16
501571	2631000	3947000	3289066	6
502049	3345000	5979000	4662095	7
504487	3031000	4548000	3789393	4
505249	2293000	3441000	2866788	5
508451	1565000	2475000	2020057	28
511998	3382000	5074000	4228214	11
512402	3807000	5712000	4759244	6
512643	3549000	5325000	4436723	9
513050	1484000	2226000	1855560	2
513223	3449000	6061000	4755025	9
523103	18529000	27795000	23161702	4
528191	5361000	8042000	6701511	13
535744	3549000	5325000	4436888	4
536079	27000	42000	34462	6
538381	4008000	6013000	5010549	4
539813	3952000	5930000	4941076	10
540070	86000	130000	107772	17
540747	4864000	7298000	6081236	4
542832	12583000	37750000	25166617	5
544580	2486000	3731000	3108478	22
544581	2681000	4023000	3352368	4
544645	2485000	6768000	4626591	10
544718	1537000	2307000	1922182	8
546367	3787000	5681000	4733947	22
547163	5597000	8396000	6996556	4
553239	3304000	4957000	4130471	57
553611	3700000	5551000	4625642	17
553814	3233000	5456000	4344128	4
556287	1001000	1503000	1251701	8
560555	4633000	6951000	5792343	5
561184	4363000	6545000	5453782	7
561879	2984000	4477000	3730825	42
568098	3712000	5570000	4641163	4
570156	2884000	6006000	4444890	8
571256	4255000	6383000	5318903	4
573658	465000	1398000	931952	22
574096	3949000	5925000	4937271	6
574560	4220000	6641000	5430356	5
574930	5209000	7814000	6511279	4
576610	1051000	2356000	1703354	9
576611	1777000	2666000	2221607	9
580165	3442000	5165000	4303547	14
582702	3371000	5058000	4214574	4
586733	1901000	2853000	2376731	10
587753	5498000	8248000	6873200	77
588596	61632000	184873000	123252772	15
588932	2398000	3598000	2997731	13
589873	1995000	5673000	3833753	25
591154	1908000	2864000	2386062	6
592978	2569000	3855000	3212324	8
604330	1591000	2839000	2214841	5
624146	465000	1398000	931602	7
626929	3158000	5043000	4100901	8
626931	4974000	8554000	6764051	4
626932	2313000	3471000	2892379	4
626935	1252000	3758000	2504914	4
626937	2352000	3529000	2940111	5
626938	1152000	3457000	2304990	5
626940	1142000	3428000	2284924	8
633417	3740000	5738000	4738991	5
648995	3968000	7280000	5624110	10
649756	1385000	4158000	2771521	23
651561	4228000	6344000	5285841	5
651740	5203000	7805000	6503996	4
656366	2229000	6688000	4458287	5
657445	1489000	2235000	1862294	24
659243	3169000	4754000	3961663	7
663557	41000	62000	51370	12
664683	4215000	6323000	5268948	4
665099	4297000	7143000	5719901	7
666685	2885000	5316000	4100514	4
669041	2192000	3289000	2740732	4
674529	4916000	7376000	6145961	14
690256	45182000	67774000	56477627	4
693066	5980	8971	7476	5
693997	22000	35000	28348	4
694005	15000	47000	31292	4
694009	23000	35000	29751	1
696485	4758000	7138000	5948326	16
701042	4296000	6446000	5371244	4
702114	4031000	6165000	5097948	6
703342	3324000	4988000	4156096	4
706570	3002000	4504000	3753152	4
708197	42369000	63555000	52962341	5
709876	5764000	8647000	7205615	7
714549	832000	2499000	1665901	6
722472	4519000	11782000	8150868	5
746128	23027000	34542000	28784539	14
749589	27021000	40533000	33776794	5
754476	1056000	3169000	2112296	4
756892	2012000	3950000	2980790	35
759620	1098000	1648000	1372683	4
762209	2293000	3441000	2867214	5
766224	4774000	7162000	5967552	17
767916	4628000	6943000	5785521	4
796937	2037000	3057000	2547409	4
857276	7210000	10816000	9013058	5
859650	2376	3564	2970	4
861561	7926	11000	9908	1
863227	5386000	8080000	6732995	4
863372	4587000	6882000	5734847	4
871324	4933000	7400000	6166448	4
875171	3508000	5263000	4385182	4
875328	3722000	5584000	4653027	6
881260	3805000	5709000	4757330	45
906888	2573000	3861000	3216957	7
911092	1195000	3588000	2391417	7
929813	4401000	6602000	5501389	5
930118	2848000	4308000	3577681	4
930166	5386000	8081000	6733367	23
930965	2068	3103	2586	4
931244	6427	9640	8034	4
931866	6937000	10407000	8671714	4
936053	26292000	51471000	38881710	5
942866	4871000	7307000	6089101	4
944994	2196	3294	2745	4
948102	4018000	6029000	5023635	11
948311	23018000	63566000	43291870	13
984307	5470000	8207000	6838401	5
984962	13553000	39186000	26369549	4
985002	2233000	3351000	2792374	125
985762	1954000	2932000	2442843	26
1031542	1222000	1835000	1528520	8
1033846	1430000	4292000	2861114	13
1034125	61000	92000	76572	4
1034346	2700000	4450000	3575363	6
1035120	631000	1894000	1262211	4
1038928	6186000	9280000	7733281	4
1047171	27833000	47195000	37514124	18
1049583	2304000	3457000	2880079	7
1050843	2098000	3148000	2623290	5
1051616	26870000	40306000	33588154	5
1069827	2261000	3397000	2829323	6
1072176	9520	15000	11900	5
1076926	5777000	8667000	7222371	5
1078480	1664000	2497000	2080113	5
1089444	3923000	5886000	4904518	19
1099853	1705000	5118000	3411820	5
1108595	3970000	5956000	4963300	4
1109412	4284000	6427000	5355394	4
1110546	1700000	2551000	2125170	4
1117645	3218000	4828000	4023312	67
1118061	1398000	4195000	2796593	4
1124835	4245000	6369000	5306809	4
1134687	4953000	7431000	6191680	101
1137281	2304000	3875000	3089766	4
1137606	3351000	5027000	4188917	6
1148157	3315000	4974000	4144305	24
1148509	4810000	7216000	6012534	6
1150298	1456000	4370000	2913195	23
1155739	6494000	11254000	8874115	4
1158459	3904000	5857000	4880474	4
1160721	1247000	3742000	2494022	5
1164990	1562000	4687000	3124092	4
1172565	2974000	4462000	3718244	25
1173715	26117000	39176000	32646474	6
1173716	26285000	39429000	32856836	5
1175848	5810	8715	7263	5
1175849	5871	8806	7339	14
1175850	5790	8685	7238	10
1175851	3618	11000	7237	8
1175852	5889	8834	7362	6
1176145	6008	9012	7510	5
1176148	6384	9577	7981	4
1176150	6281	9422	7852	5
1176649	4243000	6863000	5553114	9
1177758	6262	9393	7828	7
1183412	3626000	7384000	5504803	4
1183413	3637000	6731000	5183860	4
1184720	5697000	8547000	7122173	7
1194757	1650	2475	2063	80
1196083	1407000	3499000	2453208	59
1196095	1567000	4148000	2857512	75
1207504	6176000	9417000	7796508	9
1211807	3459000	5190000	4324726	18
1221500	3275000	4914000	4094761	4
1232428	1505000	2981000	2242941	4
1232866	9084000	13628000	11355986	8
1234882	986	2498	1742	4
1236046	803000	2412000	1607631	4
1247836	7443000	11166000	9304913	5
1263550	3064000	4597000	3830554	18
1276936	1786000	3365000	2575397	10
1280948	1284000	3855000	2569635	5
1284658	818000	2457000	1637940	4
1287055	2415000	3624000	3019251	7
1288410	4487000	6732000	5609701	4
1291540	1333000	2001000	1666795	4
1296538	2814000	4222000	3517549	4
1297617	2579000	3870000	3224506	5
1298633	6532	9798	8165	4
1306993	4564000	6847000	5705771	4
1307800	7640	11000	9550	3
1310165	4649000	6974000	5811278	7
1325107	6900000	10352000	8625957	4
1330491	5630	8654	7142	4
1330520	5913	8870	7392	4
1330521	5893	8840	7367	4
1331258	3625000	5439000	4531698	6
1333651	2018000	3028000	2522665	13
1335613	2635000	3954000	3294868	6
1335626	24000	36000	30119	2
1341643	2398000	7196000	4797290	4
1351752	23052000	49441000	36246897	10
1355477	7284000	10927000	9105828	11
1385984	2370000	3557000	2963564	4
1389713	5708000	8564000	7136091	5
1402861	4119000	6179000	5148918	5
1406512	1526000	2290000	1907804	4
1407499	2582000	3874000	3227860	8
1414603	1629	2444	2037	113
1420917	3666000	5500000	4582649	4
1432052	5405000	9572000	7488295	10
1436886	18408000	55226000	36816836	10
1437360	4546000	13639000	9092036	5
1463165	4425000	6639000	5531702	285
1468449	3301000	4953000	4126885	7
1475143	1402	2103	1753	8
1481663	2894000	5066000	3979875	29
1487726	4982000	7475000	6228572	7
1497681	2798000	4199000	3498471	5
1499685	3240000	4861000	4050101	4
1499973	3674000	5513000	4593561	15
1503054	6158000	9238000	7698221	101
1503055	5506000	8260000	6883104	35
1505723	1315000	1974000	1644230	5
1510841	1607000	2411000	2009090	5
1511761	1655000	2483000	2069029	5
1511783	5532	8299	6916	6
1511871	4216	6324	5270	4
1511891	3775	5662	4719	6
1513188	4809	7214	6012	4
1513251	6128	9192	7660	4
1513256	5841	8762	7302	10
1513257	5713	8570	7142	11
1513258	5792	8689	7241	4
1513260	3631	11000	7262	8
1513263	5460	9124	7292	5
1513264	5790	8685	7238	5
1513276	6224	9336	7780	4
1528099	1354000	2377000	1865470	4
1530123	3185000	4779000	3981760	26
1534743	4493000	6740000	5616484	6
1545044	2851000	4278000	3564877	5
1548713	7121	11000	8902	5
1550024	1878000	5637000	3757614	21
1578165	4002000	6004000	5002934	4
1578720	1265000	1899000	1582109	6
1580596	3382000	5074000	4227715	8
1581557	1046000	1570000	1308308	8
1583098	1948000	2924000	2435836	8
1607738	1999000	3000000	2499478	8
1608996	4268000	7623000	5945441	17
1615674	5049000	7574000	6311640	13
1629404	3523000	5286000	4404866	6
1633631	1495000	2959000	2227092	9
1639133	4005000	6009000	5006890	21
1642515	1584	2377	1981	6
1643429	874000	2624000	1749000	6
1648923	3499000	5249000	4373789	68
1653434	2598000	3899000	3248575	8
1654388	2194000	3292000	2742952	5
1658174	26053000	39080000	32566497	10
1664069	3727000	5592000	4659467	5
1678143	5778	8667	7223	8
1678144	5322	7983	6653	4
1678145	5531	8296	6914	4
1686310	2081000	3123000	2602147	6
1697053	1279000	3411000	2344646	8
1705564	913000	2256000	1584238	8
1708541	7797000	11697000	9747171	26
1708715	5370000	8056000	6712663	6
1714619	7104	11000	8880	5
1735162	998000	1498000	1248026	7
1756149	3503000	5255000	4379078	7
1756150	3373000	5061000	4216720	5
1763883	3737000	5607000	4672321	6
1765683	2479000	3720000	3099510	4
1775910	5083000	7625000	6353930	5
1778540	3983000	5976000	4979223	7
1785128	3132000	4700000	3916158	9
1796646	2291000	4199000	3245430	7
1803956	5877	8816	7347	9
1803957	3747	12000	7495	5
1812935	3993000	5990000	4991645	85
1813019	1199000	1800000	1499457	32
1818881	3587000	5382000	4484736	4
1821750	6464	9697	8081	15
1821960	3409000	5115000	4262236	6
1848903	2114000	3173000	2643718	4
1855823	1727000	2592000	2159278	9
1868221	1156	2844	2000	249
1868870	33628000	62952000	48289900	4
1870820	5582000	8374000	6977711	12
1872678	3813000	5721000	4766895	5
1879050	2932000	5066000	3998902	4
1884905	1060000	1592000	1326005	4
1890302	4462000	6694000	5578004	157
1891097	2056000	3086000	2571019	4
1891763	4130	6195	5163	6
1897087	7028	11000	8786	13
1899430	1168000	1754000	1461089	20
1905730	4017000	6027000	5022017	19
1906581	1703000	2556000	2129274	5
1906744	1994000	2992000	2493311	7
1906745	1537000	2714000	2125567	4
1908198	2757000	4137000	3447376	11
1910969	4388	6583	5486	4
1914203	134000	203000	168395	6
1917441	1667000	2502000	2084323	21
1918720	62000	94000	78272	4
1920765	58000	88000	72671	4
1921408	74000	112000	93180	4
1921432	660	991	826	1
1922217	875000	1314000	1094693	10
1922242	636	954	795	6
1925020	3691000	5538000	4614405	5
1925780	68000	103000	85783	5
1925782	70000	106000	88116	4
1927127	1786000	3671000	2728202	10
1932927	14000	23000	18338	4
1933179	6133	19000	12266	9
1933264	6204	19000	12408	8
1933274	9791	15000	12239	12
1933290	6202	19000	12405	6
1933307	6259	19000	12519	5
1933309	9750	15000	12188	4
1934101	10000	16000	12698	4
1935204	1497000	2270000	1883443	5
1940789	1368000	2709000	2038334	4
1945589	4869	7304	6087	2
1961679	3607	11000	7215	14
1961681	3641	11000	7283	13
1963032	3234000	4852000	4042815	7
1965231	1346000	2020000	1682981	11
1970738	1619000	3369000	2494021	23
1972867	4216000	6325000	5270290	5
1977402	5125	7688	6407	13
1981032	33000	51000	41865	5
1981167	49000	74000	61343	5
1982151	42000	65000	53746	5
1982904	53000	81000	67232	4
1982928	54000	83000	68492	30
1984799	30000	46000	38253	5
1984800	32000	50000	41143	27
1985254	3931000	5898000	4914536	94
1985356	7391	12000	9239	10
1985363	9023	13000	11279	1
1985406	1732	2599	2166	9
1985726	32000	49000	40635	5
1985738	31000	47000	39094	8
1986034	4461	6692	5577	362
1986350	55000	83000	69082	11
1986538	55000	83000	68839	18
1986540	54000	83000	68405	11
2003328	3650	5475	4563	2
2003329	3623	5434	4529	1
2004487	1804	2707	2256	4
2004957	1759	2638	2199	7
2004967	1708	2563	2136	4
2006134	124000	187000	155295	28
2006145	53000	81000	67465	4
2006179	52000	79000	65763	16
2008380	1175000	1910000	1542971	9
2014257	388000	584000	486144	8
2014537	1918000	2878000	2397642	10
2023178	3137000	4706000	3921349	14
2025884	1894000	2842000	2367622	11
2026186	3644000	7350000	5497155	8
2026188	3700000	6902000	5301258	8
2026189	4429000	7360000	5894466	9
2026190	4528000	6793000	5660141	5
2026193	4681000	7023000	5851846	6
2026240	4648000	6973000	5810228	5
2026255	2034000	3052000	2543156	5
2027919	3211000	6543000	4876999	7
2034999	36000	55000	45653	4
2042057	3440000	6213000	4826824	7
2045451	3627000	5442000	4534530	4
2053508	2100000	4547000	3323875	6
2058152	4810000	7216000	6013300	20
2066070	4641000	8419000	6529662	6
2066479	3456000	6116000	4785880	5
2080107	2212	3318	2765	5
2080838	3819000	5729000	4773981	5
2107999	1549000	2389000	1969157	11
2136182	2978000	4468000	3723045	6
2169700	11000	18000	14938	6
2169706	24000	37000	30687	9
2170080	9820	15000	12276	6
2170082	9812	15000	12266	28
2170119	1996	2994	2495	4
2182793	1986000	2981000	2483704	5
2204145	3493000	5240000	4366482	6
2218628	4489000	6735000	5612108	6
2219225	4875000	7313000	6093847	8
2306993	3682000	5524000	4603156	5
2484905	3451000	5177000	4314038	6
2484962	3383000	5076000	4229209	4
2484974	3429000	5145000	4287269	4
2487519	4326000	6491000	5408518	4
2488639	3957000	5937000	4947124	11
2494701	4059000	6090000	5074602	8
2499620	10000	15000	12704	1
2509281	5745	18000	11490	154
2527775	1433000	2151000	1791953	6
2548426	886000	2659000	1772497	14
2588536	1018000	1528000	1272502	29
2594913	1858000	2788000	2323136	5
2663009	1740000	2908000	2324076	11
